23
0 66 45 0 0 0 27 0 0 0 0 0 0 0 0 0 0 0 0 0 0 0 0
0 0 0 0 34 0 0 0 0 0 0 0 0 0 0 0 0 85 0 0 0 0 0
16 0 0 0 0 98 18 0 23 0 0 0 0 0 53 0 0 0 0 0 0 0 0
0 0 0 0 0 0 0 0 0 0 0 0 0 0 0 0 0 0 0 0 0 55 0
0 94 90 95 0 0 0 45 0 0 0 0 15 0 0 97 0 0 0 96 0 0 0
0 0 0 0 0 0 0 0 0 0 0 0 0 0 0 0 0 0 0 0 0 0 0
0 0 0 0 0 0 0 0 0 0 0 52 0 91 3 0 0 0 98 0 0 0 0
0 0 0 49 0 0 0 0 0 0 0 0 0 42 0 17 68 0 0 0 44 0 0
90 0 0 97 0 0 0 0 0 49 0 0 0 0 0 0 0 0 81 0 0 0 0
68 89 0 0 0 0 0 0 0 0 0 0 0 0 0 41 0 0 0 0 48 0 0
0 0 13 0 0 0 0 2 0 0 0 47 93 0 48 0 0 0 0 60 0 0 0
0 0 0 0 0 0 0 0 0 87 0 0 0 0 41 0 0 0 0 0 0 0 0
0 0 0 0 0 61 0 0 0 20 0 0 0 0 0 0 0 0 0 0 6 0 0
0 85 0 0 0 15 0 0 0 44 0 0 0 0 0 0 0 0 0 0 69 0 0
90 0 0 0 0 80 0 0 0 0 0 0 33 0 0 0 0 0 0 0 0 0 0
0 0 0 0 63 0 0 0 0 0 0 0 0 0 0 0 0 0 0 0 0 0 0
0 0 13 13 0 0 0 0 0 0 0 0 0 0 0 0 0 0 0 44 0 0 0
91 0 0 0 0 0 0 0 0 0 0 0 39 0 0 0 43 0 0 0 0 65 89
0 0 0 0 0 0 0 0 0 0 0 0 0 0 70 0 0 0 0 0 0 0 24
0 0 0 0 0 0 0 30 0 90 0 0 0 0 36 42 0 29 0 0 0 0 0
52 80 31 0 0 0 0 53 0 0 0 0 0 0 0 0 0 0 89 0 0 0 0
0 0 0 0 0 0 0 0 0 0 0 0 0 0 0 0 0 57 10 0 0 0 61
0 0 42 0 0 0 0 0 0 47 0 0 0 0 3 97 0 0 0 9 0 0 0