40 6 5
38 531
12 509
2 506
30 506
1 455
18 436
39 431
7 417
28 409
27 403
40 368
36 347
24 324
5 319
37 292
34 289
29 286
26 278
4 271
10 267
17 265
35 257
25 253
19 238
13 220
9 210
16 208
14 204
8 185
23 174
22 166
32 155
15 154
6 148
33 141
21 96
3 88
11 87
31 73
20 71
0 -5 5 5 5 5 5 5 5 5 5 -5 5 5 5 5 5 5 5 5 5 5 5 5 5 5 5 5 5 -5 5 5 5 5 5 5 5 -5 5 5 
5 0 5 5 5 5 5 5 5 5 5 -5 5 5 5 5 5 5 5 5 5 5 5 5 5 5 5 5 5 -1 5 5 5 5 5 5 5 -5 5 5 
-5 -5 0 -5 -5 -5 -5 -5 -5 -5 -1 -5 -5 -5 -5 -5 -5 -5 -5 5 -5 -5 -5 -5 -5 -5 -5 -5 -5 -5 5 -5 -5 -5 -5 -5 -5 -5 -5 -5 
-5 -5 5 0 -5 5 -5 5 5 5 5 -5 5 5 5 5 5 -5 5 5 5 5 5 -5 5 -3 -5 -5 -5 -5 5 5 5 -5 5 -5 -5 -5 -5 -5 
-5 -5 5 5 0 5 -5 5 5 5 5 -5 5 5 5 5 5 -5 5 5 5 5 5 3 5 5 -5 -5 5 -5 5 5 5 5 5 -5 5 -5 -5 -5 
-5 -5 5 -5 -5 0 -5 -5 -5 -5 5 -5 -5 -5 1 -5 -5 -5 -5 5 5 -5 -5 -5 -5 -5 -5 -5 -5 -5 5 -5 -1 -5 -5 -5 -5 -5 -5 -5 
-5 -5 5 5 5 5 0 5 5 5 5 -5 5 5 5 5 5 -5 5 5 5 5 5 5 5 5 5 5 5 -5 5 5 5 5 5 5 5 -5 -5 5 
-5 -5 5 -5 -5 5 -5 0 -5 -5 5 -5 -5 -5 5 -5 -5 -5 -5 5 5 5 5 -5 -5 -5 -5 -5 -5 -5 5 5 5 -5 -5 -5 -5 -5 -5 -5 
-5 -5 5 -5 -5 5 -5 5 0 -5 5 -5 -5 1 5 1 -5 -5 -5 5 5 5 5 -5 -5 -5 -5 -5 -5 -5 5 5 5 -5 -5 -5 -5 -5 -5 -5 
-5 -5 5 -5 -5 5 -5 5 5 0 5 -5 5 5 5 5 3 -5 5 5 5 5 5 -5 5 -5 -5 -5 -5 -5 5 5 5 -5 -1 -5 -5 -5 -5 -5 
-5 -5 1 -5 -5 -5 -5 -5 -5 -5 0 -5 -5 -5 -5 -5 -5 -5 -5 5 -5 -5 -5 -5 -5 -5 -5 -5 -5 -5 5 -5 -5 -5 -5 -5 -5 -5 -5 -5 
5 5 5 5 5 5 5 5 5 5 5 0 5 5 5 5 5 5 5 5 5 5 5 5 5 5 5 5 5 1 5 5 5 5 5 5 5 -3 5 5 
-5 -5 5 -5 -5 5 -5 5 5 -5 5 -5 0 5 5 5 -5 -5 -5 5 5 5 5 -5 -5 -5 -5 -5 -5 -5 5 5 5 -5 -5 -5 -5 -5 -5 -5 
-5 -5 5 -5 -5 5 -5 5 -1 -5 5 -5 -5 0 5 -1 -5 -5 -5 5 5 5 5 -5 -5 -5 -5 -5 -5 -5 5 5 5 -5 -5 -5 -5 -5 -5 -5 
-5 -5 5 -5 -5 -1 -5 -5 -5 -5 5 -5 -5 -5 0 -5 -5 -5 -5 5 5 -3 -5 -5 -5 -5 -5 -5 -5 -5 5 -5 3 -5 -5 -5 -5 -5 -5 -5 
-5 -5 5 -5 -5 5 -5 5 -1 -5 5 -5 -5 1 5 0 -5 -5 -5 5 5 5 5 -5 -5 -5 -5 -5 -5 -5 5 5 5 -5 -5 -5 -5 -5 -5 -5 
-5 -5 5 -5 -5 5 -5 5 5 -3 5 -5 5 5 5 5 0 -5 5 5 5 5 5 -5 5 -5 -5 -5 -5 -5 5 5 5 -5 1 -5 -5 -5 -5 -5 
-5 -5 5 5 5 5 5 5 5 5 5 -5 5 5 5 5 5 0 5 5 5 5 5 5 5 5 5 5 5 -5 5 5 5 5 5 5 5 -5 3 5 
-5 -5 5 -5 -5 5 -5 5 5 -5 5 -5 5 5 5 5 -5 -5 0 5 5 5 5 -5 -5 -5 -5 -5 -5 -5 5 5 5 -5 -3 -5 -5 -5 -5 -5 
-5 -5 -5 -5 -5 -5 -5 -5 -5 -5 -5 -5 -5 -5 -5 -5 -5 -5 -5 0 -5 -5 -5 -5 -5 -5 -5 -5 -5 -5 -3 -5 -5 -5 -5 -5 -5 -5 -5 -5 
-5 -5 5 -5 -5 -5 -5 -5 -5 -5 5 -5 -5 -5 -5 -5 -5 -5 -5 5 0 -5 -5 -5 -5 -5 -5 -5 -5 -5 5 -5 -5 -5 -5 -5 -5 -5 -5 -5 
-5 -5 5 -5 -5 5 -5 -5 -5 -5 5 -5 -5 -5 3 -5 -5 -5 -5 5 5 0 -5 -5 -5 -5 -5 -5 -5 -5 5 3 5 -5 -5 -5 -5 -5 -5 -5 
-5 -5 5 -5 -5 5 -5 -5 -5 -5 5 -5 -5 -5 5 -5 -5 -5 -5 5 5 5 0 -5 -5 -5 -5 -5 -5 -5 5 3 5 -5 -5 -5 -5 -5 -5 -5 
-5 -5 5 5 -3 5 -5 5 5 5 5 -5 5 5 5 5 5 -5 5 5 5 5 5 0 5 5 -5 -5 5 -5 5 5 5 5 5 -5 5 -5 -5 -5 
-5 -5 5 -5 -5 5 -5 5 5 -5 5 -5 5 5 5 5 -5 -5 5 5 5 5 5 -5 0 -5 -5 -5 -5 -5 5 5 5 -5 -5 -5 -5 -5 -5 -5 
-5 -5 5 3 -5 5 -5 5 5 5 5 -5 5 5 5 5 5 -5 5 5 5 5 5 -5 5 0 -5 -5 -5 -5 5 5 5 -5 5 -5 -5 -5 -5 -5 
-5 -5 5 5 5 5 -5 5 5 5 5 -5 5 5 5 5 5 -5 5 5 5 5 5 5 5 5 0 -5 5 -5 5 5 5 5 5 5 5 -5 -5 5 
-5 -5 5 5 5 5 -5 5 5 5 5 -5 5 5 5 5 5 -5 5 5 5 5 5 5 5 5 5 0 5 -5 5 5 5 5 5 5 5 -5 -5 5 
-5 -5 5 5 -5 5 -5 5 5 5 5 -5 5 5 5 5 5 -5 5 5 5 5 5 -5 5 5 -5 -5 0 -5 5 5 5 1 5 -5 -1 -5 -5 -5 
5 1 5 5 5 5 5 5 5 5 5 -1 5 5 5 5 5 5 5 5 5 5 5 5 5 5 5 5 5 0 5 5 5 5 5 5 5 -5 5 5 
-5 -5 -5 -5 -5 -5 -5 -5 -5 -5 -5 -5 -5 -5 -5 -5 -5 -5 -5 3 -5 -5 -5 -5 -5 -5 -5 -5 -5 -5 0 -5 -5 -5 -5 -5 -5 -5 -5 -5 
-5 -5 5 -5 -5 5 -5 -5 -5 -5 5 -5 -5 -5 5 -5 -5 -5 -5 5 5 -3 -3 -5 -5 -5 -5 -5 -5 -5 5 0 5 -5 -5 -5 -5 -5 -5 -5 
-5 -5 5 -5 -5 1 -5 -5 -5 -5 5 -5 -5 -5 -3 -5 -5 -5 -5 5 5 -5 -5 -5 -5 -5 -5 -5 -5 -5 5 -5 0 -5 -5 -5 -5 -5 -5 -5 
-5 -5 5 5 -5 5 -5 5 5 5 5 -5 5 5 5 5 5 -5 5 5 5 5 5 -5 5 5 -5 -5 -1 -5 5 5 5 0 5 -5 -3 -5 -5 -5 
-5 -5 5 -5 -5 5 -5 5 5 1 5 -5 5 5 5 5 -1 -5 3 5 5 5 5 -5 5 -5 -5 -5 -5 -5 5 5 5 -5 0 -5 -5 -5 -5 -5 
-5 -5 5 5 5 5 -5 5 5 5 5 -5 5 5 5 5 5 -5 5 5 5 5 5 5 5 5 -5 -5 5 -5 5 5 5 5 5 0 5 -5 -5 -5 
-5 -5 5 5 -5 5 -5 5 5 5 5 -5 5 5 5 5 5 -5 5 5 5 5 5 -5 5 5 -5 -5 1 -5 5 5 5 3 5 -5 0 -5 -5 -5 
5 5 5 5 5 5 5 5 5 5 5 3 5 5 5 5 5 5 5 5 5 5 5 5 5 5 5 5 5 5 5 5 5 5 5 5 5 0 5 5 
-5 -5 5 5 5 5 5 5 5 5 5 -5 5 5 5 5 5 -3 5 5 5 5 5 5 5 5 5 5 5 -5 5 5 5 5 5 5 5 -5 0 5 
-5 -5 5 5 5 5 -5 5 5 5 5 -5 5 5 5 5 5 -5 5 5 5 5 5 5 5 5 -5 -5 5 -5 5 5 5 5 5 5 5 -5 -5 0 
